00021
00031
00041
00051
00061
00071
00081
00091
00101
00151
00161
00171
00181
00191
00201
00211
00241
00251
00261
00301
00311
00321
00341
00351
00361
00371
00381
00391
00401
00411
00431
00441
00451
00471
00491
00511
00521
00531
00541
00561
00571
00581
00591
00601
00611
00631
00641
00651
00661
00671
00681
00691
00701
00721
00731
00741
00761
00771
00781
00791
00801
00811
00821
00831
00841
00861
00891
00901
00911
00921
00931
00941
00951
00961
00971
00981
00991
01001
01011
01021
01031
01041
01051
01061
01081
01101
01121
01131
01141
01151
01161
01171
01181
01191
01201
01211
01221
01231
01241
01271
01281
01291
01301
01321
01331
01351
01361
01371
01381
01391
01401
01411
01421
01431
01441
01451
01461
01471
01481
01491
01501
01511
01521
01531
01541
01551
01561
01571
01581
01591
01601
01611
01631
01651
01661
01671
01681
01691
01701
01711
01731
01741
01751
01761
01781
01791
01811
01831
01861
01881
01891
01901
01911
01921
01931
01941
01951
01961
01971
01981
01991
02021
02041
02051
02061
02091
02111
02121
02141
02161
02171
02181
02191
02221
02231
02241
02251
02261
02271
02281
02301
02321
02341
02351
02361
02371
02381
02391
02411
02421
02431
02441
02451
02471
02481
02491
02501
02511
02531
02551
02571
02581
02601
02621
02631
02641
02661
02671
02681
02691
02701
02711
02721
02731
02741
02751
02761
02771
02811
02831
02851
02861
02871
02881
02891
02901
02921
02931
02941
02951
02971
02981
02991
03001
03011
03021
03031
03041
03051
03071
03081
03091
03101
03111
03121
03131
03151
03161
03171
03181
03191
03211
03221
03241
03271
03281
03291
03301
03311
03321
03331
03341
03351
03361
03371
03381
03391
03401
03411
03431
03441
03461
03471
03481
03491
03501
03511
03521
03531
03541
03551
03561
03571
03581
03601
03611
03621
03631
03641
03651
03661
03671
03681
03691
03701
03711
03731
03741
03751
03761
03771
03791
03801
03811
03831
03841
03851
03861
03871
03881
03891
03911
03931
03961
03971
03981
03991
04021
04031
04051
04061
04071
04081
04091
04101
04111
04121
04131
04141
04151
04161
04171
04181
04191
04211
04221
04231
04241
04271
04281
04291
04311
04321
04351
04371
04391
04401
04411
04431
04441
04451
04461
04471
04481
04491
04501
04521
04531
04541
04551
04571
04581
04591
04601
04611
04621
04631
04641
04651
04661
04671
04691
04711
04721
04741
04751
04761
04771
04781
04801
04811
04821
04831
04841
04861
04871
04881
04891
04901
04911
04931
04961
04971
04981
04991
05001
05011
05021
05031
05051
05061
05071
05081
05091
05101
05111
05121
05131
05141
05151
05161
05181
05201
05211
05221
05241
05251
05261
05271
05281
05291
05301
05311
05321
05331
05341
05351
05361
05381
05391
05401
05411
05421
05431
05451
05461
05471
05481
05491
05501
05511
05521
05531
05541
05551
05561
05571
05581
05591
05601
05611
05621
05631
05641
05651
05671
05681
05691
05711
05721
05731
05741
05761
05771
05781
05801
05811
05821
05831
05841
05851
05861
05871
05881
05891
05921
05931
05941
05951
05961
05971
05981
05991
06001
06011
06021
06031
06041
06051
06061
06071
06081
06091
06121
06131
06141
06151
06171
06191
06211
06231
06241
06251
06261
06271
06281
06291
06301
06311
06321
06331
06341
06351
06361
06371
06381
06391
06401
06411
06421
06431
06441
06451
06461
06471
06481
06491
06501
06511
06521
06531
06541
06551
06561
06571
06581
06591
06601
06611
06621
06631
06651
06671
06681
06701
06711
06721
06731
06741
06751
06761
06771
06781
06801
06811
06821
06831
06841
06851
06861
06881
06891
06901
06911
06921
06931
06941
06961
06971
06981
07001
07041
07061
07071
07081
07091
07101
07111
07121
07131
07141
07151
07161
07171
07181
07201
07211
07221
07231
07251
07261
07271
07281
07301
07331
07341
07351
07371
07381
07401
07421
07431
07441
07461
07471
07481
07491
07521
07531
07541
07551
07571
07591
07601
07611
07621
07631
07641
07651
07661
07681
07691
07721
07741
07751
07761
07771
07781
07811
07821
07831
07861
07871
07881
07891
07901
07911
07921
07951
07961
07971
07981
07991
08011
08021
08031
08041
08051
08071
08081
08091
08141
08151
08161
08181
08191
08221
08241
08251
08271
08281
08291
08301
08311
08321
08331
08351
08361
08381
08391
08401
08411
08421
08431
08441
08451
08461
08471
08481
08501
08511
08521
08531
08541
08551
08561
08571
08581
08601
08611
08621
08631
08661
08671
08681
08691
08711
08731
08741
08771
08781
08791
08801
08821
08831
08841
08861
08871
08881
08891
08911
08921
08931
08951
08971
08981
08991
09011
09021
09031
09041
09051
09071
09081
09091
09101
09111
09121
09141
09151
09161
09211
09221
09241
09251
09261
09271
09281
09291
09301
09311
09321
09331
09341
09351
09361
09371
09381
09391
09411
09421
09431
09451
09461
09471
09491
09511
09531
09541
09551
09561
09571
09581
09591
09611
09641
09651
09661
09671
09691
09701
09721
09731
09741
09751
09761
09771
09781
09791
09801
09811
09821
09841
09861
09871
09881
09891
09901
09911
09921
09931
09941
