999000608525971
999000630186111
999000527235101
999000615140431
999000630378431
999000542882091
999000466623001
999000639922121
999000601646161
999000495072791
999000547592501
999000635942291
999000636955451
999000635344181
999000595263511
999000471051911
999000629103651
999000560191821
999000634858691
999000462132901
999000549913541
999000595409311
999000631547011
999000569462591
999000559069511
999000524468851
999000508901361
999000464845311
999000636984971
999000617345291
999000504565471
999000551847971
999000634348331
999000536683741
999000593844731
999000574209581
999000567421331
999000532780721
999000509348991
999000520607721
999000520193041
999000619541071
999000628410251
999000551672651
999000610282371
999000562657821
999000495325831
999000580374261
999000463673551
999000490451501
999000633162671
999000497235931
999000623005211
999000622476361
999000531528771
999000616484951
999000578230601
999000626375411
999000633274021
999000528823671
999000621237331
999000623542051
999000555377631
999000572506981
999000625821211
999000581930921
999000566471551
999000576027741
999000593760881
999000621922831
999000618135121
999000562529831
999000532276481
999000625653261
999000528385471
999000597829221
999000574190861
999000557784221
999000565652651
999000477014281
999000611595661
999000562533401
999000455107561
999000608773411
999000476631161
999000617275021
999000475795221
999000628900881
999000625672531
999000473522501
999000492528371
999000635834041
999000591441931
999000565257361
999000625305781
999000585970941
999000514331591
999000519049391
999000513007551
999000632650541
999000568459881
999000521982841
999000620054411
999000629755351
999000624081331
999000519014741
999000466624571
999000601762301
999000520190641
999000572513621
999000518949181
999000626302991
999000615289251
999000545155251
999000621740101
999000532102781
999000543089841
999000482553521
999000593727021
999000526855261
999000493121321
999000619086651
999000477995971
999000573962001
999000464779451
999000499406721
999000467008161
999000568608121
999000464944111
999000604869771
999000596748611
999000464838121
999000564610641
999000461029471
999000478378651
999000599671451
999000536678371
999000511128131
999000622657961
999000589258181
999000614153251
999000614495451
999000569956871
999000555609911
999000617056111
999000578397991
999000605492041
999000569132031
999000606431211
999000507621131
999000624933941
999000547498141
999000577222881
999000549421421
999000609249381
999000524128361
999000512235311
999000567631671
999000610595721
999000632038491
999000510761211
999000490607221
999000599662221
999000607787031
999000532906231
999000524455421
999000526060381
999000510144721
999000606738831
999000527227771
999000474367821
999000612118781
999000573566131
999000578011681
999000481605161
999000600039541
999000567633831
999000507092451
999000455112041
999000464776051
999000545203971
999000573089041
999000622452761
999000457295531
999000629106501
999000520963291
999000616348971
999000603440831
999000518974391
999000480542571
999000621242251
999000507319361
999000559666821
999000582529521
999000585972541
999000604512761
999000608522911
999000610684481
999000468356361
999000508023291
999000514758881
999000624776941
999000518626361
999000616349221
999000529046731
999000554994621
999000517969971
999000622424601
999000560034311
999000630436301
999000572995771
999000548150201
999000523941911
999000631547891
999000627439801
999000574078821
999000621739041
999000581155631
999000509721281
999000627189941
999000618629841
999000518213191
999000579005131
999000449638401
999000524207101
999000464522041
999000586745251
999000604384511
999000569466791
999000612523441
999000565120731
999000576987891
999000473320471
999000623908451
999000506366961
999000476166481
999000603481761
999000631412191
999000590744851
999000624576181
999000552941941
999000627383671
999000608162421
999000512171311
999000603455201
999000618964221
999000588114751
999000552254731
999000614345351
999000571136071
999000559610631
999000640092301
999000625668181
999000522523101
999000614358901
999000531689711
999000607998171
999000585010561
999000505175611
999000530257991
999000473914801
999000577399651
999000614938541
999000563636121
999000624075611
999000524160651
999000517118101
999000609636911
999000479857511
999000459928231
999000603893911
999000611397391
999000623620211
999000578966471
999000572674331
999000461344231
999000636366351
999000580575821
999000640091491
999000626066591
999000469801251
999000620268281
999000463079081
999000465410311
999000623728101
999000510124101
999000633965101
999000621006561
999000544915421
999000618951341
999000563875981
999000559996941
999000559052761
999000606709751
999000507146191
